149 123 119 110 97 94 90 86 83 67 65 55 54 43 37 32 29 27 11 3 
149 136 123 121 119 118 112 110 108 100 97 94 90 88 86 83 79 72 67 65 63 55 54 51 43 41 37 35 32 29 28 27 25 14 11 9 6 3 
149 136 123 121 119 118 112 110 108 101 100 97 94 93 90 89 88 86 85 83 82 79 78 74 72 68 67 65 63 59 55 54 51 46 43 41 39 37 35 32 30 29 28 27 25 21 14 13 11 9 6 5 3 1 
149 136 123 121 119 118 112 110 108 107 104 101 100 97 94 93 91 90 89 88 87 86 85 83 82 79 78 75 74 72 68 67 66 65 63 62 59 57 55 54 51 47 46 44 43 41 39 38 37 35 33 32 31 30 29 28 27 25 22 21 14 13 12 11 9 6 5 3 2 1 
149 136 123 121 119 118 112 110 109 108 107 104 103 101 100 97 95 94 93 91 90 89 88 87 86 85 84 83 82 80 79 78 75 74 72 71 69 68 67 66 65 64 63 62 59 58 57 55 54 51 47 46 45 44 43 42 41 39 38 37 36 35 33 32 31 30 29 28 27 25 23 22 21 19 14 13 12 11 9 8 6 5 3 2 1 0 
111 105 96 91 85 81 73 70 67 61 56 48 46 40 34 29 21 16 7 3 
114 111 106 105 98 96 92 91 86 85 82 81 74 73 70 68 67 65 61 60 56 52 49 48 46 41 40 35 34 30 29 24 21 20 16 13 10 7 4 3 
115 114 111 107 106 105 100 98 96 93 92 91 89 86 85 83 82 81 76 74 73 71 70 68 67 66 65 62 61 60 56 53 52 50 49 48 46 45 41 40 39 35 34 32 30 29 26 24 21 20 18 16 14 13 10 9 7 5 4 3 
149 136 123 121 119 118 115 114 112 111 110 109 108 106 105 103 102 101 99 98 97 96 95 94 92 90 87 84 81 80 79 78 77 76 75 73 72 70 69 67 63 61 60 58 57 56 55 53 52 51 50 49 48 47 44 42 41 40 38 37 34 33 31 28 27 26 24 22 20 19 18 17 16 15 12 11 10 7 6 4 1 
149 136 123 121 119 118 115 114 112 111 110 109 108 106 105 103 101 99 98 97 96 95 94 92 90 87 84 81 80 79 78 77 76 75 73 72 70 69 63 61 60 58 57 56 55 53 52 51 50 49 48 47 44 42 40 38 37 34 33 31 28 27 26 24 22 20 19 18 16 15 12 11 10 7 6 4 1 
105 98 91 86 79 75 68 64 60 56 47 42 34 31 27 19 16 11 4 2 
110 105 101 98 95 91 87 86 82 79 76 75 69 68 65 64 62 60 56 53 49 47 44 42 38 35 34 31 29 27 22 19 18 16 11 9 5 4 3 2 
110 109 105 103 101 98 95 94 91 89 87 86 83 82 79 78 76 75 71 69 68 66 65 64 62 60 58 56 54 53 49 48 47 44 42 41 38 37 35 34 32 31 29 27 25 22 21 19 18 16 14 11 10 9 6 5 4 3 2 
112 110 109 106 105 103 101 98 97 95 94 91 89 87 86 84 83 82 80 79 78 76 75 72 71 69 68 67 66 65 64 62 61 60 58 56 54 53 49 48 47 45 44 42 41 40 38 37 35 34 33 32 31 29 28 27 25 24 22 21 19 18 17 16 14 13 11 10 9 8 6 5 4 3 2 
115 112 111 110 109 106 103 102 101 98 97 96 95 94 88 87 86 85 84 82 80 79 78 77 75 73 72 69 68 67 65 64 60 58 54 50 49 47 44 42 39 38 37 36 35 33 31 28 27 25 24 22 19 15 13 11 10 8 6 4 2 0 
110 104 96 90 85 79 74 68 62 56 47 44 37 30 27 20 12 9 4 1 
113 110 105 104 99 96 92 90 87 85 82 79 75 74 69 68 63 62 57 56 50 47 44 43 40 37 34 30 28 27 21 20 18 12 11 9 5 4 2 1 
113 110 108 105 104 102 99 98 96 92 91 90 87 86 85 82 80 79 75 74 73 69 68 66 63 62 61 57 56 55 50 48 47 45 44 43 40 39 37 34 32 30 29 28 27 24 21 20 18 16 12 11 10 9 6 5 4 3 2 1 
115 113 110 109 108 105 104 103 102 99 98 97 96 92 91 90 87 86 85 84 82 80 79 78 75 74 73 70 69 68 66 64 63 62 61 59 57 56 55 52 50 48 47 46 45 44 43 41 40 39 37 35 34 32 30 29 28 27 24 23 21 20 19 18 16 13 12 11 10 9 8 6 5 4 3 2 1 
115 113 112 110 109 108 106 105 104 103 102 101 99 98 97 96 95 92 91 90 89 87 86 85 84 83 82 80 79 78 77 75 74 73 72 70 69 68 66 65 64 63 62 61 60 59 57 56 55 54 52 50 49 48 47 46 45 44 43 41 40 39 37 36 35 34 32 31 30 29 28 27 24 23 22 21 20 19 18 17 16 13 12 11 10 9 8 7 6 5 4 3 2 1 
