2 6 14 23 28 33 37 42 49 54 60 67 73 80 85 91 95 102 108 113 118
1 5 12 18 25 31 39 46 51 58 64 69 76 82 87 93 98 105 111 117 124
3 7 15 20 26 32 38 44 50 57 63 68 74 81 86 92 97 104 109 115 122
4 9 13 19 27 34 41 47 53 61 65 70 78 84 89 94 100 106 112 116 125
0 8 11 16 24 29 36 43 48 55 62 66 71 77 83 90 96 101 107 114 121
3 6 10 14 22 27 33 40 46 52 59 64 72 79 83 88 94 99 105 110 119
2 4 9 15 23 30 35 42 49 56 61 68 75 81 87 93 98 103 108 113 120
1 5 13 18 25 31 39 45 51 57 64 69 76 82 88 92 97 102 109 114 118
0 6 12 19 26 32 37 44 50 54 60 66 73 80 84 89 95 100 106 111 117
4 7 11 17 21 28 34 41 47 53 61 65 71 78 82 87 93 99 104 109 115
3 8 10 13 22 29 35 42 49 55 60 67 74 79 85 90 96 102 108 112 116
1 9 15 21 27 33 39 46 52 58 64 69 76 82 88 94 98 104 109 113 120
2 4 11 14 19 25 31 38 43 51 55 63 67 72 80 86 92 96 101 107 114
0 5 12 20 26 32 37 45 50 57 62 68 75 81 87 91 97 102 108 115 121
1 7 16 24 30 34 41 48 54 60 67 73 78 83 89 95 101 105 111 117 122
2 8 13 17 22 27 35 43 50 56 62 69 74 79 84 90 96 103 107 112 119
3 5 9 15 21 28 33 39 46 51 58 64 70 76 82 89 93 98 104 110 118
0 6 14 19 25 31 38 44 49 54 61 66 73 78 85 90 96 101 108 112 116
4 7 10 18 23 29 36 42 47 53 60 65 72 79 84 89 94 99 105 110 115
3 8 12 16 21 26 32 40 45 50 57 61 68 74 80 86 92 97 103 108 114
1 9 14 20 27 34 39 46 52 59 63 69 75 81 87 92 98 102 107 113 119
2 5 11 18 25 30 37 43 49 55 61 67 73 78 83 89 96 101 106 111 117
0 4 13 21 28 33 40 46 51 57 63 68 75 81 87 91 98 102 108 113 120
1 6 15 19 24 31 39 44 50 56 62 69 74 79 86 92 96 101 107 112 118
2 7 10 14 20 26 32 38 45 51 57 63 71 77 82 88 94 98 104 110 115
3 8 12 16 22 27 34 41 48 53 60 67 72 79 85 90 96 102 109 114 119
0 9 11 15 21 29 33 40 46 52 59 64 70 78 83 89 95 100 106 113 118
4 6 13 18 23 31 37 43 48 55 61 66 72 79 85 90 96 101 108 112 117
1 8 14 20 26 33 39 45 51 57 64 70 76 81 87 94 99 103 109 115 121
2 5 9 16 22 30 35 42 49 54 60 67 74 79 85 91 96 101 107 113 118
3 7 10 15 19 28 32 38 44 50 57 62 68 73 80 85 91 97 103 110 115
0 4 12 17 21 25 34 39 46 51 58 64 70 78 83 88 93 99 104 109 113
1 6 11 16 24 30 37 43 49 56 62 67 73 81 86 91 97 102 108 113 118
2 7 13 18 23 29 35 41 47 54 60 66 71 79 84 89 95 101 107 111 115
3 8 14 20 26 31 38 44 50 57 63 68 74 80 85 90 96 102 108 113 118
4 6 11 17 22 29 35 40 47 52 59 65 72 77 82 88 93 99 104 109 115
1 9 13 18 24 28 33 39 46 53 58 63 70 77 83 88 94 99 106 112 116
2 5 14 20 25 30 37 43 48 55 61 67 74 80 85 91 97 103 107 114 118
3 7 11 16 23 27 34 40 47 54 60 65 73 78 84 89 96 100 105 109 115
4 8 10 17 22 29 35 41 48 53 60 66 72 77 83 88 93 98 103 108 113
0 6 15 19 24 31 37 42 49 55 61 68 74 78 85 91 97 101 107 112 116
1 5 12 16 21 27 34 39 45 51 58 64 69 75 81 87 92 98 102 107 113
2 9 14 20 26 33 38 43 50 57 63 67 74 79 86 90 96 102 109 113 117
3 7 10 15 22 28 35 41 47 52 60 66 71 78 84 89 93 100 106 111 116
4 8 12 19 25 32 38 45 49 56 63 68 74 81 87 92 97 101 107 113 118
0 5 11 16 21 30 34 39 47 52 58 64 70 76 81 88 94 100 106 112 115
1 6 14 19 24 31 37 44 49 55 60 68 74 79 85 91 96 102 107 114 119
2 8 13 17 23 28 34 41 46 52 59 65 70 77 83 88 94 100 104 109 114
3 9 15 18 26 32 38 45 51 57 63 67 75 82 86 92 97 103 108 112 117
4 7 10 14 20 27 33 39 46 53 59 65 71 78 84 89 93 101 106 111 115
0 5 12 17 21 29 35 42 47 54 61 67 72 78 84 90 95 100 106 112 117
1 8 11 16 25 30 36 41 49 56 62 67 73 81 86 91 97 103 107 111 115
2 6 13 19 24 32 37 43 48 54 60 66 74 78 85 91 98 103 108 112 117
3 9 15 20 26 34 39 44 50 56 61 68 75 81 86 92 97 101 106 109 113
4 7 10 18 22 28 36 42 49 55 60 66 73 79 84 90 96 101 105 109 116
0 6 14 20 24 31 38 44 50 56 62 67 73 78 85 90 95 102 108 112 116
1 9 12 18 25 30 37 43 47 55 60 67 74 78 83 89 96 101 107 112 115
2 5 11 15 21 29 35 40 47 54 59 64 72 76 81 87 93 98 104 108 113
3 8 10 19 24 32 37 42 49 55 61 68 75 79 85 90 96 101 107 110 115
4 7 13 22 28 34 40 46 51 58 64 71 76 81 87 94 100 106 109 115 118
0 9 11 16 23 29 36 41 49 55 60 66 73 77 84 89 95 101 106 110 114
1 5 14 19 27 33 39 45 50 56 62 68 74 79 85 92 98 102 108 111 115
2 6 13 20 25 32 38 44 50 56 62 69 75 79 86 91 97 103 109 112 116
3 8 12 17 21 30 35 41 46 53 58 63 70 77 82 89 95 100 106 110 115
4 7 10 14 24 31 36 42 48 54 60 65 72 78 84 90 97 101 105 109 113
