3 11 27 29 32 37 43 54 55 65 67 83 86 90 94 97 110 119 123 149
6 9 14 25 28 35 41 51 63 72 79 83 88 94 100 108 112 118 121 136
1 5 13 21 28 30 39 43 46 55 59 63 68 74 78 82 85 89 93 101
2 6 12 22 31 33 38 44 47 57 62 66 72 75 79 87 91 97 104 107
0 8 11 19 23 27 36 42 45 51 58 64 69 71 80 84 90 95 103 109
3 7 16 21 29 34 40 46 48 56 61 67 70 73 81 85 91 96 105 111
4 10 13 20 24 30 35 41 49 52 60 65 68 74 82 86 92 98 106 114
5 9 14 18 26 32 39 45 50 53 62 66 71 76 83 89 93 100 107 115
0 2 8 15 23 25 30 36 43 48 54 59 64 70 77 81 88 92 99 104
1 7 12 17 20 28 33 37 41 50 57 63 67 72 78 84 90 96 102 108
2 4 11 16 19 27 31 34 42 47 56 60 64 68 75 79 86 91 98 105
3 5 9 18 22 29 35 38 44 49 53 62 65 69 76 82 87 95 101 110
4 6 10 14 21 25 32 37 41 48 54 58 66 71 78 83 89 94 103 109
5 8 13 17 24 28 33 40 45 49 56 61 67 72 80 84 91 97 106 112
0 3 7 15 22 26 31 36 42 46 53 60 65 70 77 81 88 93 100 107
1 4 9 12 20 27 30 37 44 47 56 62 68 74 79 85 90 96 104 110
2 5 11 18 21 28 34 40 43 50 57 63 69 75 82 87 92 99 105 113
3 6 10 16 24 29 32 39 45 48 55 61 66 73 80 86 91 98 102 108
4 8 13 19 23 27 35 41 46 52 59 64 70 78 84 90 97 103 109 115
5 7 12 17 22 31 36 43 49 54 60 65 72 77 83 89 95 101 106 112
0 4 9 15 20 26 33 38 44 50 56 62 68 74 80 85 91 96 104 110
1 6 10 16 21 28 34 39 46 52 59 63 70 75 81 87 92 99 105 111
2 8 11 14 19 25 30 35 42 48 53 61 66 72 78 84 89 95 102 108
3 5 12 18 23 29 32 40 44 51 57 63 69 73 80 85 91 98 103 109
4 7 13 20 27 31 36 42 50 55 62 68 74 79 83 90 96 104 110
5 9 15 22 24 33 37 45 52 58 63 69 77 82 88 95 101 106 112
0 2 11 17 23 28 35 40 47 53 59 65 72 76 83 89 96 103 108
1 4 10 19 25 30 37 44 49 54 61 68 73 79 86 91 98 104 111
2 5 13 18 24 29 36 41 48 52 60 66 71 77 84 90 97 102 109
3 6 14 21 26 32 39 46 50 56 63 69 75 82 88 94 101 107 113
4 8 12 20 27 31 38 45 51 58 64 70 78 83 89 95 100 106 112
5 7 15 22 28 33 40 47 54 60 66 73 79 86 92 98 105 111
0 3 11 16 23 29 35 41 48 53 61 68 73 80 85 92 97 103 108
1 5 12 18 25 31 37 44 51 55 62 67 75 82 87 93 100 106 113
2 6 13 19 27 33 40 45 53 58 64 70 78 83 89 95 101 107 114
3 8 14 21 28 32 38 46 52 59 65 71 79 84 90 97 104 109
4 7 10 17 24 30 36 43 49 56 62 68 76 81 87 94 100 105 112
5 9 13 20 26 34 39 45 51 57 64 72 77 84 91 98 103 110 115
0 2 11 15 22 27 33 40 47 52 60 66 72 78 83 90 96 101 107 112
1 4 8 19 25 30 35 41 49 54 61 67 74 80 86 92 97 103 108 113
2 5 12 18 23 28 36 42 50 55 62 68 75 81 87 93 99 105 110
3 6 9 16 24 31 37 44 52 58 64 71 77 82 88 95 101 106 111
4 7 13 17 26 32 38 45 51 57 63 69 76 81 87 93 98 104 109
5 10 15 20 27 33 41 48 53 59 66 72 78 84 91 96 102 108 114
0 3 12 16 22 28 36 43 50 56 62 67 74 80 85 92 98 104 109
1 5 11 18 25 31 38 46 52 58 65 70 77 83 89 95 101 107 113
2 4 13 19 26 32 39 47 53 60 66 73 79 84 91 96 103 108 114
3 6 10 17 23 30 37 44 51 56 62 68 76 82 88 94 101 106 112
4 8 15 20 27 34 41 47 53 59 66 71 78 84 89 97 102 108 115
5 7 14 22 29 35 42 48 55 61 67 73 79 85 91 98 103 109 114
